>>04/26/20 10:12:11
REGRESSION
----------
SUMMARY OF OUTPUT: SPATIAL LAG MODEL - MAXIMUM LIKELIHOOD ESTIMATION
Data set            : sprfd_mo_msa_ct_05
Spatial Weight      : sprfd_ct_05_moran_queen
Dependent Variable  :         pov  Number of Observations:   91
Mean dependent var  :    0.184907  Number of Variables   :    3
S.D. dependent var  :    0.128621  Degrees of Freedom    :   88
Lag coeff.   (Rho)  :    0.600214

R-squared           :    0.614885  Log likelihood        :     97.3927
Sq. Correlation     : -            Akaike info criterion :    -188.785
Sigma-square        :  0.00637109  Schwarz criterion     :    -181.253
S.E of regression   :   0.0798191

-----------------------------------------------------------------------------
       Variable       Coefficient     Std.Error       z-value    Probability
-----------------------------------------------------------------------------
             W_pov      0.600214      0.0890835        6.73765     0.00000
          CONSTANT      0.767585       0.144332        5.31819     0.00000
              pwht     -0.775817       0.150728       -5.14712     0.00000
-----------------------------------------------------------------------------

REGRESSION DIAGNOSTICS
DIAGNOSTICS FOR HETEROSKEDASTICITY 
RANDOM COEFFICIENTS
TEST                                     DF      VALUE        PROB
Breusch-Pagan test                       1         5.5546     0.01843

DIAGNOSTICS FOR SPATIAL DEPENDENCE
SPATIAL LAG DEPENDENCE FOR WEIGHT MATRIX : sprfd_ct_05_moran_queen
TEST                                     DF      VALUE        PROB
Likelihood Ratio Test                    1        30.5449     0.00000

COEFFICIENTS VARIANCE MATRIX
   CONSTANT        pwht       W_pov 
   0.020832   -0.021619   -0.007790 
  -0.021619    0.022719    0.007095 
  -0.007790    0.007095    0.007936 


  OBS             pov        PREDICTED        RESIDUAL       PRED ERROR
    1          0.13043         0.09703        -0.02921         0.03340
    2           0.1841         0.08988         0.02606         0.09422
    3         0.065945         0.08745        -0.06708        -0.02151
    4          0.10902         0.11111        -0.00771        -0.00210
    5          0.12682         0.08857         0.04681         0.03825
    6          0.17384         0.14178         0.04516         0.03206
    7         0.089009         0.08486         0.00104         0.00415
    8         0.034052         0.12173        -0.03495        -0.08768
    9          0.11088         0.10453         0.01476         0.00634
   10         0.078742         0.12736        -0.03714        -0.04862
   11          0.12167         0.09603         0.03309         0.02564
   12         0.067073         0.06210        -0.00782         0.00497
   13          0.10116         0.11250        -0.00974        -0.01134
   14          0.17605         0.09987         0.04250         0.07619
   15          0.17903         0.09466         0.05511         0.08437
   16          0.11197         0.06327         0.01857         0.04870
   17           0.3046         0.19143         0.11283         0.11318
   18         0.068563         0.12170        -0.04549        -0.05313
   19         0.093377         0.20949        -0.10502        -0.11612
   20          0.38577         0.37491         0.02992         0.01086
   21          0.45311         0.40498        -0.03271         0.04813
   22          0.40698         0.36253         0.02747         0.04445
   23          0.16663         0.16164         0.02212         0.00499
   24          0.10652         0.10783         0.02057        -0.00131
   25           0.1085         0.08715        -0.02854         0.02135
   26          0.15728         0.08722         0.04442         0.07006
   27          0.20933         0.10747         0.07823         0.10186
   28          0.12213         0.09545        -0.00162         0.02668
   29          0.15292         0.07844         0.02820         0.07448
   30           0.1106         0.07196        -0.03200         0.03863
   31          0.34081         0.05944         0.26097         0.28137
   32          0.12551         0.10487        -0.05269         0.02064
   33          0.22077         0.10165         0.02465         0.11911
   34           0.3524         0.36431        -0.03842        -0.01191
   35          0.33468         0.28032         0.06637         0.05436
   36          0.20194         0.31124        -0.12944        -0.10930
   37         0.078325         0.13877        -0.04727        -0.06045
   38          0.23011         0.28087        -0.01780        -0.05076
   39          0.16539         0.20529        -0.00514        -0.03990
   40           0.1118         0.21590        -0.06506        -0.10410
   41         0.081905         0.08571        -0.02340        -0.00381
   42          0.23886         0.21396         0.02210         0.02490
   43         0.068583         0.14504        -0.05468        -0.07646
   44          0.10279         0.19034        -0.09990        -0.08755
   45          0.14373         0.14840         0.00246        -0.00467
   46          0.18092         0.26519        -0.01529        -0.08428
   47         0.095409         0.19875        -0.06155        -0.10335
   48         0.050601         0.13575        -0.05075        -0.08515
   49          0.12786         0.19289        -0.01948        -0.06503
   50           0.1468         0.07585         0.06807         0.07094
   51         0.094279         0.23233        -0.11889        -0.13805
   52         0.084385         0.08449        -0.01220        -0.00010
   53          0.14026         0.10896         0.02831         0.03130
   54         0.072673         0.22875        -0.08960        -0.15608
   55         0.073931         0.16642        -0.06375        -0.09249
   56          0.34061         0.33300         0.01375         0.00761
   57          0.75923         0.30971         0.38645         0.44952
   58         0.065938         0.24451        -0.12360        -0.17857
   59         0.059932         0.11900        -0.02651        -0.05906
   60         0.054214         0.13273        -0.04063        -0.07851
   61          0.17341         0.07744         0.11051         0.09597
   62         0.075231         0.14167        -0.04581        -0.06644
   63          0.48956         0.31332         0.08554         0.17625
   64          0.29927         0.20096         0.06550         0.09830
   65          0.43914         0.38760         0.05559         0.05154
   66          0.34202         0.32516        -0.03588         0.01686
   67          0.21223         0.27012        -0.10236        -0.05789
   68          0.48389         0.23087         0.19737         0.25302
   69          0.10109         0.15134        -0.11281        -0.05025
   70          0.14691         0.16983        -0.00493        -0.02293
   71         0.095317         0.25261        -0.14174        -0.15729
   72          0.13077         0.26488        -0.09875        -0.13411
   73          0.24752         0.24606         0.03559         0.00146
   74          0.34384         0.33319         0.06319         0.01065
   75           0.1497         0.28425        -0.12047        -0.13455
   76          0.34745         0.30466         0.03015         0.04279
   77           0.2607         0.30488         0.01007        -0.04418
   78          0.31465         0.28727         0.04159         0.02738
   79          0.29305         0.32231        -0.02820        -0.02926
   80          0.33333         0.19530         0.12652         0.13803
   81           0.1081         0.14127         0.01050        -0.03317
   82         0.047035         0.09636        -0.05838        -0.04932
   83          0.19572         0.11390         0.09071         0.08182
   84         0.027925         0.08376        -0.07836        -0.05584
   85          0.36598         0.28612         0.07657         0.07987
   86          0.27203         0.23426         0.02252         0.03777
   87          0.25115         0.25537        -0.02236        -0.00422
   88         0.050579         0.19027        -0.09370        -0.13969
   89          0.20016         0.15924         0.02555         0.04092
   90         0.037095         0.08061        -0.05215        -0.04352
   91          0.14094         0.16604         0.02356        -0.02510
============================== END OF REPORT ================================

