>>04/26/20 10:15:07
REGRESSION
----------
SUMMARY OF OUTPUT: SPATIAL ERROR MODEL - MAXIMUM LIKELIHOOD ESTIMATION 
Data set            : sprfd_mo_msa_ct_05
Spatial Weight      : sprfd_ct_05_moran_queen
Dependent Variable  :         pov  Number of Observations:   91
Mean dependent var  :    0.184907  Number of Variables   :    2
S.D. dependent var  :    0.128621  Degrees of Freedom    :   89
Lag coeff. (Lambda) :    0.683997

R-squared           :    0.608883  R-squared (BUSE)      : - 
Sq. Correlation     : -            Log likelihood        :   95.351125
Sigma-square        :  0.00647038  Akaike info criterion :    -186.702
S.E of regression   :   0.0804387  Schwarz criterion     :    -181.681

-----------------------------------------------------------------------------
       Variable       Coefficient     Std.Error       z-value    Probability
-----------------------------------------------------------------------------
          CONSTANT      0.956497       0.151624        6.30833     0.00000
              pwht     -0.866232        0.16709       -5.18421     0.00000
            LAMBDA      0.683997      0.0959466        7.12893     0.00000
-----------------------------------------------------------------------------

REGRESSION DIAGNOSTICS
DIAGNOSTICS FOR HETEROSKEDASTICITY 
RANDOM COEFFICIENTS
TEST                                     DF      VALUE        PROB
Breusch-Pagan test                       1         6.0359     0.01402

DIAGNOSTICS FOR SPATIAL DEPENDENCE 
SPATIAL ERROR DEPENDENCE FOR WEIGHT MATRIX : sprfd_ct_05_moran_queen
TEST                                     DF      VALUE        PROB
Likelihood Ratio Test                    1        26.4618     0.00000

COEFFICIENTS VARIANCE MATRIX
   CONSTANT        pwht      LAMBDA 
   0.022990   -0.024940    0.000000 
  -0.024940    0.027919    0.000000 
   0.000000    0.000000    0.009206 


  OBS             pov        PREDICTED        RESIDUAL       PRED ERROR
    1          0.13043         0.15132        -0.05823        -0.02088
    2           0.1841         0.14704        -0.00426         0.03706
    3         0.065945         0.13990        -0.09428        -0.07396
    4          0.10902         0.15810        -0.03010        -0.04908
    5          0.12682         0.13028         0.03696        -0.00346
    6          0.17384         0.17597         0.03057        -0.00213
    7         0.089009         0.11736        -0.00673        -0.02835
    8         0.034052         0.11863        -0.01882        -0.08458
    9          0.11088         0.13753         0.00708        -0.02665
   10         0.078742         0.15548        -0.05047        -0.07674
   11          0.12167         0.12986         0.01707        -0.00819
   12         0.067073         0.10389        -0.02476        -0.03682
   13          0.10116         0.15371        -0.02250        -0.05255
   14          0.17605         0.15529         0.01617         0.02076
   15          0.17903         0.14923         0.03006         0.02979
   16          0.11197         0.11087         0.00023         0.00111
   17           0.3046         0.18708         0.10683         0.11753
   18         0.068563         0.16510        -0.06434        -0.09654
   19         0.093377         0.23316        -0.12785        -0.13978
   20          0.38577         0.32017         0.04249         0.06560
   21          0.45311         0.33512        -0.02278         0.11799
   22          0.40698         0.25809         0.08072         0.14889
   23          0.16663         0.15658         0.03543         0.01005
   24          0.10652         0.13481         0.01564        -0.02829
   25           0.1085         0.13156        -0.04353        -0.02305
   26          0.15728         0.13826         0.02101         0.01902
   27          0.20933         0.15917         0.05706         0.05015
   28          0.12213         0.14837        -0.02678        -0.02624
   29          0.15292         0.13540        -0.00115         0.01752
   30           0.1106         0.12408        -0.05611        -0.01348
   31          0.34081         0.10526         0.24866         0.23555
   32          0.12551         0.16633        -0.08813        -0.04082
   33          0.22077         0.16052        -0.01318         0.06024
   34           0.3524         0.28940        -0.01953         0.06300
   35          0.33468         0.19323         0.11294         0.14145
   36          0.20194         0.24619        -0.10568        -0.04425
   37         0.078325         0.12132        -0.02845        -0.04300
   38          0.23011         0.28784        -0.03481        -0.05773
   39          0.16539         0.16569         0.02677        -0.00030
   40           0.1118         0.17613        -0.03677        -0.06433
   41         0.081905         0.12776        -0.04206        -0.04585
   42          0.23886         0.19460         0.03292         0.04426
   43         0.068583         0.14983        -0.04567        -0.08125
   44          0.10279         0.21327        -0.11926        -0.11048
   45          0.14373         0.13274         0.01423         0.01099
   46          0.18092         0.24231         0.00223        -0.06140
   47         0.095409         0.14127        -0.01847        -0.04586
   48         0.050601         0.13485        -0.04039        -0.08425
   49          0.12786         0.19017        -0.01728        -0.06231
   50           0.1468         0.11339         0.05198         0.03341
   51         0.094279         0.19154        -0.09919        -0.09726
   52         0.084385         0.11794        -0.02622        -0.03355
   53          0.14026         0.13704         0.02024         0.00322
   54         0.072673         0.22120        -0.07772        -0.14852
   55         0.073931         0.17841        -0.07190        -0.10447
   56          0.34061         0.29749         0.01711         0.04312
   57          0.75923         0.27082         0.37638         0.48841
   58         0.065938         0.22955        -0.11154        -0.16361
   59         0.059932         0.13911        -0.03101        -0.07918
   60         0.054214         0.14680        -0.04239        -0.09258
   61          0.17341         0.12788         0.09542         0.04553
   62         0.075231         0.16346        -0.05163        -0.08823
   63          0.48956         0.23014         0.11703         0.25942
   64          0.29927         0.14028         0.08814         0.15898
   65          0.43914         0.32305         0.07229         0.11609
   66          0.34202         0.26619        -0.02477         0.07583
   67          0.21223         0.22528        -0.08737        -0.01305
   68          0.48389         0.18823         0.20407         0.29565
   69          0.10109         0.11422        -0.10553        -0.01313
   70          0.14691         0.14442         0.00282         0.00249
   71         0.095317         0.20994        -0.12956        -0.11462
   72          0.13077         0.22020        -0.07183        -0.08943
   73          0.24752         0.21000         0.05656         0.03751
   74          0.34384         0.30165         0.07132         0.04219
   75           0.1497         0.21397        -0.08148        -0.06426
   76          0.34745         0.21184         0.07448         0.13561
   77           0.2607         0.26336         0.03363        -0.00266
   78          0.31465         0.23489         0.06255         0.07976
   79          0.29305         0.28218        -0.02489         0.01087
   80          0.33333         0.17224         0.13817         0.16109
   81           0.1081         0.13693         0.02432        -0.02883
   82         0.047035         0.13937        -0.07819        -0.09233
   83          0.19572         0.15772         0.06932         0.03800
   84         0.027925         0.13780        -0.10475        -0.10988
   85          0.36598         0.23564         0.09536         0.13034
   86          0.27203         0.20092         0.03308         0.07111
   87          0.25115         0.25397        -0.03800        -0.00282
   88         0.050579         0.18340        -0.08743        -0.13282
   89          0.20016         0.16787         0.01502         0.03230
   90         0.037095         0.11978        -0.07064        -0.08269
   91          0.14094         0.17953         0.02402        -0.03859
============================== END OF REPORT ================================

