>>04/26/20 10:28:24
REGRESSION
----------
SUMMARY OF OUTPUT: SPATIAL ERROR MODEL - MAXIMUM LIKELIHOOD ESTIMATION 
Data set            : sprfd_mo_msa_ct_05
Spatial Weight      : sprfd_ct_05_moran_queen
Dependent Variable  :         pov  Number of Observations:   91
Mean dependent var  :    0.184907  Number of Variables   :    2
S.D. dependent var  :    0.128621  Degrees of Freedom    :   89
Lag coeff. (Lambda) :    0.476692

R-squared           :    0.695294  R-squared (BUSE)      : - 
Sq. Correlation     : -            Log likelihood        :  109.505969
Sigma-square        :  0.00504085  Akaike info criterion :    -215.012
S.E of regression   :    0.070999  Schwarz criterion     :     -209.99

-----------------------------------------------------------------------------
       Variable       Coefficient     Std.Error       z-value    Probability
-----------------------------------------------------------------------------
          CONSTANT      0.428124      0.0294699        14.5275     0.00000
               mhi  -5.24235e-006   5.54228e-007       -9.45883     0.00000
            LAMBDA      0.476692       0.129376        3.68456     0.00023
-----------------------------------------------------------------------------

REGRESSION DIAGNOSTICS
DIAGNOSTICS FOR HETEROSKEDASTICITY 
RANDOM COEFFICIENTS
TEST                                     DF      VALUE        PROB
Breusch-Pagan test                       1         0.1422     0.70606

DIAGNOSTICS FOR SPATIAL DEPENDENCE 
SPATIAL ERROR DEPENDENCE FOR WEIGHT MATRIX : sprfd_ct_05_moran_queen
TEST                                     DF      VALUE        PROB
Likelihood Ratio Test                    1         8.3650     0.00383

COEFFICIENTS VARIANCE MATRIX
   CONSTANT         mhi      LAMBDA 
   0.000868   -0.000000    0.000000 
  -0.000000    0.000000    0.000000 
   0.000000    0.000000    0.016738 


  OBS             pov        PREDICTED        RESIDUAL       PRED ERROR
    1          0.13043         0.20571        -0.08721        -0.07528
    2           0.1841         0.15847         0.02303         0.02563
    3         0.065945         0.11948        -0.05699        -0.05354
    4          0.10902         0.13245        -0.00333        -0.02343
    5          0.12682         0.14475         0.00506        -0.01793
    6          0.17384         0.20799        -0.01625        -0.03415
    7         0.089009         0.14095        -0.03309        -0.05194
    8         0.034052         0.00567         0.03982         0.02838
    9          0.11088         0.15781        -0.03059        -0.04694
   10         0.078742         0.15411        -0.06933        -0.07536
   11          0.12167         0.14017        -0.00807        -0.01850
   12         0.067073         0.13894        -0.06811        -0.07187
   13          0.10116         0.15301        -0.03887        -0.05185
   14          0.17605         0.24816        -0.05250        -0.07211
   15          0.17903         0.21775        -0.01244        -0.03873
   16          0.11197         0.14884        -0.01813        -0.03687
   17           0.3046         0.27750         0.02882         0.02711
   18         0.068563         0.08915        -0.01915        -0.02059
   19         0.093377         0.19128        -0.12143        -0.09790
   20          0.38577         0.24354         0.12297         0.14223
   21          0.45311         0.34429         0.02856         0.10882
   22          0.40698         0.29600         0.05623         0.11098
   23          0.16663         0.20085        -0.05447        -0.03422
   24          0.10652         0.13019        -0.02832        -0.02367
   25           0.1085         0.16496        -0.03849        -0.05645
   26          0.15728         0.18977        -0.01555        -0.03249
   27          0.20933         0.21677         0.01815        -0.00744
   28          0.12213         0.19424        -0.06270        -0.07211
   29          0.15292         0.18755        -0.03159        -0.03463
   30           0.1106         0.16784        -0.06494        -0.05724
   31          0.34081         0.15752         0.20389         0.18329
   32          0.12551         0.23517        -0.12361        -0.10966
   33          0.22077         0.23247        -0.03745        -0.01171
   34           0.3524         0.25564         0.06378         0.09676
   35          0.33468         0.28269         0.03765         0.05199
   36          0.20194         0.26389        -0.09182        -0.06196
   37         0.078325         0.05752         0.03427         0.02080
   38          0.23011         0.24121        -0.00537        -0.01110
   39          0.16539         0.17228         0.00020        -0.00689
   40           0.1118         0.17435        -0.06242        -0.06255
   41         0.081905         0.09332        -0.01027        -0.01141
   42          0.23886         0.24938        -0.01384        -0.01051
   43         0.068583        -0.02148         0.09620         0.09006
   44          0.10279         0.18379        -0.08176        -0.08100
   45          0.14373         0.17051        -0.02473        -0.02678
   46          0.18092         0.12445         0.06257         0.05647
   47         0.095409         0.12596        -0.04692        -0.03055
   48         0.050601        -0.06234         0.10055         0.11294
   49          0.12786         0.19052        -0.06694        -0.06266
   50           0.1468         0.12832         0.03745         0.01847
   51         0.094279         0.12454        -0.03720        -0.03026
   52         0.084385         0.13085        -0.02922        -0.04646
   53          0.14026         0.16535        -0.01566        -0.02508
   54         0.072673         0.07232         0.00115         0.00036
   55         0.073931         0.12830        -0.05194        -0.05437
   56          0.34061         0.29103         0.04949         0.04958
   57          0.75923         0.38947         0.32044         0.36976
   58         0.065938         0.10308        -0.04378        -0.03714
   59         0.059932        -0.12346         0.18414         0.18339
   60         0.054214         0.04293        -0.00184         0.01128
   61          0.17341         0.18894         0.00446        -0.01553
   62         0.075231         0.10966        -0.02836        -0.03443
   63          0.48956         0.34023         0.07492         0.14933
   64          0.29927         0.18486         0.08217         0.11441
   65          0.43914         0.27008         0.14518         0.16906
   66          0.34202         0.29097         0.00886         0.05105
   67          0.21223         0.25588        -0.07133        -0.04365
   68          0.48389         0.32974         0.11432         0.15414
   69          0.10109         0.11048        -0.04228        -0.00939
   70          0.14691         0.21524        -0.06338        -0.06833
   71         0.095317         0.21925        -0.13299        -0.12393
   72          0.13077         0.20657        -0.05789        -0.07580
   73          0.24752         0.27268        -0.01226        -0.02517
   74          0.34384         0.28161         0.08238         0.06224
   75           0.1497         0.20886        -0.08271        -0.05915
   76          0.34745         0.29009         0.01460         0.05736
   77           0.2607         0.20301         0.05283         0.05769
   78          0.31465         0.26652         0.03371         0.04813
   79          0.29305         0.28434        -0.00321         0.00871
   80          0.33333         0.29836         0.03723         0.03497
   81           0.1081         0.09908        -0.00254         0.00902
   82         0.047035         0.10812        -0.08514        -0.06109
   83          0.19572         0.18214         0.03156         0.01358
   84         0.027925         0.06291        -0.02450        -0.03498
   85          0.36598         0.28006         0.07941         0.08593
   86          0.27203         0.24300         0.02628         0.02903
   87          0.25115         0.24143        -0.00210         0.00972
   88         0.050579         0.04055         0.01529         0.01003
   89          0.20016         0.24731        -0.04154        -0.04714
   90         0.037095         0.05583        -0.00706        -0.01874
   91          0.14094         0.13391         0.01598         0.00703
============================== END OF REPORT ================================

