>>04/26/20 10:17:51
REGRESSION
----------
SUMMARY OF OUTPUT: SPATIAL LAG MODEL - MAXIMUM LIKELIHOOD ESTIMATION
Data set            : sprfd_mo_msa_ct_05
Spatial Weight      : sprfd_ct_05_moran_queen
Dependent Variable  :         pov  Number of Observations:   91
Mean dependent var  :    0.184907  Number of Variables   :    3
S.D. dependent var  :    0.128621  Degrees of Freedom    :   88
Lag coeff.   (Rho)  :    0.477246

R-squared           :    0.643232  Log likelihood        :     102.323
Sq. Correlation     : -            Akaike info criterion :    -198.647
Sigma-square        :  0.00590214  Schwarz criterion     :    -191.114
S.E of regression   :   0.0768254

-----------------------------------------------------------------------------
       Variable       Coefficient     Std.Error       z-value    Probability
-----------------------------------------------------------------------------
             W_pov      0.477246       0.102653         4.6491     0.00000
          CONSTANT      0.039744        0.01603        2.47934     0.01316
        popdensity  8.18479e-005   1.39979e-005        5.84714     0.00000
-----------------------------------------------------------------------------

REGRESSION DIAGNOSTICS
DIAGNOSTICS FOR HETEROSKEDASTICITY 
RANDOM COEFFICIENTS
TEST                                     DF      VALUE        PROB
Breusch-Pagan test                       1         4.2596     0.03903

DIAGNOSTICS FOR SPATIAL DEPENDENCE
SPATIAL LAG DEPENDENCE FOR WEIGHT MATRIX : sprfd_ct_05_moran_queen
TEST                                     DF      VALUE        PROB
Likelihood Ratio Test                    1        17.9221     0.00002

COEFFICIENTS VARIANCE MATRIX
   CONSTANT  popdensity       W_pov 
   0.000257    0.000000   -0.001222 
   0.000000    0.000000   -0.000001 
  -0.001222   -0.000001    0.010538 


  OBS             pov        PREDICTED        RESIDUAL       PRED ERROR
    1          0.13043         0.08147        -0.00120         0.04897
    2           0.1841         0.08586         0.04579         0.09824
    3         0.065945         0.08504        -0.05542        -0.01909
    4          0.10902         0.09512         0.01054         0.01389
    5          0.12682         0.08673         0.04346         0.04009
    6          0.17384         0.12866         0.05590         0.04519
    7         0.089009         0.09214        -0.00894        -0.00313
    8         0.034052         0.11283        -0.05362        -0.07878
    9          0.11088         0.11148         0.00478        -0.00061
   10         0.078742         0.11641        -0.03272        -0.03767
   11          0.12167         0.10075         0.02901         0.02092
   12         0.067073         0.08989        -0.03145        -0.02281
   13          0.10116         0.10943        -0.01009        -0.00826
   14          0.17605         0.08057         0.06721         0.09548
   15          0.17903         0.07853         0.07565         0.10050
   16          0.11197         0.08051         0.00510         0.03146
   17           0.3046         0.24061         0.10040         0.06400
   18         0.068563         0.10661        -0.03013        -0.03804
   19         0.093377         0.22922        -0.10600        -0.13584
   20          0.38577         0.22601         0.15378         0.15976
   21          0.45311         0.48164        -0.06751        -0.02853
   22          0.40698         0.34449         0.02367         0.06249
   23          0.16663         0.26048        -0.07543        -0.09386
   24          0.10652         0.12471        -0.00049        -0.01819
   25           0.1085         0.07923        -0.01860         0.02927
   26          0.15728         0.08154         0.05359         0.07573
   27          0.20933         0.07981         0.10640         0.12952
   28          0.12213         0.08184         0.01713         0.04029
   29          0.15292         0.08082         0.03824         0.07210
   30           0.1106         0.08047        -0.02594         0.03012
   31          0.34081         0.08150         0.24019         0.25931
   32          0.12551         0.08525        -0.01460         0.04026
   33          0.22077         0.08058         0.06662         0.14019
   34           0.3524         0.29026         0.04275         0.06214
   35          0.33468         0.25586         0.05424         0.07882
   36          0.20194         0.28801        -0.12854        -0.08607
   37         0.078325         0.21872        -0.11690        -0.14040
   38          0.23011         0.22085         0.05778         0.00927
   39          0.16539         0.21774        -0.02313        -0.05235
   40           0.1118         0.24005        -0.10414        -0.12825
   41         0.081905         0.08827        -0.02465        -0.00636
   42          0.23886         0.16331         0.06717         0.07555
   43         0.068583         0.13493        -0.04994        -0.06635
   44          0.10279         0.11857        -0.02835        -0.01578
   45          0.14373         0.12076         0.00814         0.02297
   46          0.18092         0.17508         0.03036         0.00584
   47         0.095409         0.17587        -0.08907        -0.08046
   48         0.050601         0.15685        -0.07794        -0.10625
   49          0.12786         0.20520        -0.03922        -0.07734
   50           0.1468         0.08916         0.05223         0.05764
   51         0.094279         0.18018        -0.10358        -0.08590
   52         0.084385         0.09046        -0.02162        -0.00607
   53          0.14026         0.16936        -0.03973        -0.02909
   54         0.072673         0.15710        -0.05883        -0.08442
   55         0.073931         0.11303        -0.02595        -0.03910
   56          0.34061         0.19991         0.12497         0.14071
   57          0.75923         0.62125         0.13849         0.13798
   58         0.065938         0.16843        -0.07779        -0.10249
   59         0.059932         0.12857        -0.03352        -0.06863
   60         0.054214         0.14419        -0.05811        -0.08997
   61          0.17341         0.08241         0.10181         0.09100
   62         0.075231         0.14570        -0.05536        -0.07047
   63          0.48956         0.38327         0.07474         0.10629
   64          0.29927         0.31855        -0.00301        -0.01929
   65          0.43914         0.29871         0.14710         0.14043
   66          0.34202         0.30491         0.00654         0.03711
   67          0.21223         0.26414        -0.08343        -0.05191
   68          0.48389         0.36205         0.11573         0.12183
   69          0.10109         0.28672        -0.18627        -0.18563
   70          0.14691         0.26065        -0.07077        -0.11374
   71         0.095317         0.29046        -0.16229        -0.19514
   72          0.13077         0.30948        -0.13901        -0.17871
   73          0.24752         0.32203        -0.03963        -0.07452
   74          0.34384         0.31863         0.07494         0.02521
   75           0.1497         0.29980        -0.14886        -0.15009
   76          0.34745         0.27453         0.02774         0.07292
   77           0.2607         0.21109         0.07300         0.04961
   78          0.31465         0.22338         0.06860         0.09127
   79          0.29305         0.22522         0.04231         0.06783
   80          0.33333         0.22674         0.08009         0.10659
   81           0.1081         0.17800        -0.02860        -0.06990
   82         0.047035         0.09088        -0.05073        -0.04385
   83          0.19572         0.11066         0.09668         0.08506
   84         0.027925         0.08454        -0.07299        -0.05661
   85          0.36598         0.28401         0.06665         0.08197
   86          0.27203         0.19069         0.05582         0.08134
   87          0.25115         0.23737         0.02308         0.01378
   88         0.050579         0.17226        -0.09226        -0.12168
   89          0.20016         0.14552         0.03267         0.05464
   90         0.037095         0.08876        -0.06109        -0.05167
   91          0.14094         0.14562         0.02640        -0.00468
============================== END OF REPORT ================================

