>>04/25/20 17:11:47
REGRESSION
----------
SUMMARY OF OUTPUT: SPATIAL LAG MODEL - MAXIMUM LIKELIHOOD ESTIMATION
Data set            : sprfd_mo_msa_ct_05
Spatial Weight      : sprfd_ct_05_moran_queen
Dependent Variable  :         pov  Number of Observations:   91
Mean dependent var  :    0.184907  Number of Variables   :    3
S.D. dependent var  :    0.128621  Degrees of Freedom    :   88
Lag coeff.   (Rho)  :    0.573558

R-squared           :    0.584847  Log likelihood        :     94.3361
Sq. Correlation     : -            Akaike info criterion :    -182.672
Sigma-square        :  0.00686802  Schwarz criterion     :     -175.14
S.E of regression   :   0.0828735

-----------------------------------------------------------------------------
       Variable       Coefficient     Std.Error       z-value    Probability
-----------------------------------------------------------------------------
             W_pov      0.573558      0.0982801        5.83595     0.00000
          CONSTANT      0.036926      0.0177704        2.07795     0.03771
              pblk       1.58893       0.330506        4.80758     0.00000
-----------------------------------------------------------------------------

REGRESSION DIAGNOSTICS
DIAGNOSTICS FOR HETEROSKEDASTICITY 
RANDOM COEFFICIENTS
TEST                                     DF      VALUE        PROB
Breusch-Pagan test                       1         5.3156     0.02113

DIAGNOSTICS FOR SPATIAL DEPENDENCE
SPATIAL LAG DEPENDENCE FOR WEIGHT MATRIX : sprfd_ct_05_moran_queen
TEST                                     DF      VALUE        PROB
Likelihood Ratio Test                    1        23.9077     0.00000

COEFFICIENTS VARIANCE MATRIX
   CONSTANT        pblk       W_pov 
   0.000316   -0.000000   -0.001332 
  -0.000000    0.109234   -0.015756 
  -0.001332   -0.015756    0.009659 


  OBS             pov        PREDICTED        RESIDUAL       PRED ERROR
    1          0.13043         0.15746        -0.06622        -0.02703
    2           0.1841         0.12268         0.01792         0.06142
    3         0.065945         0.11518        -0.07144        -0.04923
    4          0.10902         0.12741        -0.00829        -0.01839
    5          0.12682         0.11527         0.03429         0.01155
    6          0.17384         0.10736         0.07351         0.06648
    7         0.089009         0.10261        -0.01666        -0.01360
    8         0.034052         0.14190        -0.06640        -0.10785
    9          0.11088         0.11368         0.00623        -0.00280
   10         0.078742         0.10886        -0.02328        -0.03012
   11          0.12167         0.12064         0.01905         0.00103
   12         0.067073         0.10667        -0.04003        -0.03960
   13          0.10116         0.16677        -0.05778        -0.06560
   14          0.17605         0.09723         0.05867         0.07882
   15          0.17903         0.09446         0.06629         0.08456
   16          0.11197         0.10200        -0.00445         0.00997
   17           0.3046         0.17197         0.12797         0.13263
   18         0.068563         0.11349        -0.02841        -0.04493
   19         0.093377         0.24116        -0.13675        -0.14778
   20          0.38577         0.35319         0.03273         0.03259
   21          0.45311         0.43690        -0.07361         0.01621
   22          0.40698         0.33955         0.03411         0.06744
   23          0.16663         0.16861         0.00404        -0.00199
   24          0.10652         0.10556         0.01563         0.00096
   25           0.1085         0.10171        -0.03643         0.00679
   26          0.15728         0.11808         0.03139         0.03919
   27          0.20933         0.11045         0.09286         0.09887
   28          0.12213         0.13668        -0.02097        -0.01455
   29          0.15292         0.12014         0.01007         0.03279
   30           0.1106         0.10743        -0.04252         0.00316
   31          0.34081         0.11172         0.22909         0.22909
   32          0.12551         0.13021        -0.05151        -0.00470
   33          0.22077         0.13889         0.02393         0.08187
   34           0.3524         0.34054        -0.00723         0.01186
   35          0.33468         0.30397         0.03681         0.03071
   36          0.20194         0.31615        -0.12448        -0.11421
   37         0.078325         0.15589        -0.08328        -0.07756
   38          0.23011         0.13875         0.10073         0.09136
   39          0.16539         0.13122         0.02219         0.03417
   40           0.1118         0.15569        -0.04242        -0.04389
   41         0.081905         0.12140        -0.04376        -0.03949
   42          0.23886         0.19913         0.04134         0.03973
   43         0.068583         0.14470        -0.05884        -0.07612
   44          0.10279         0.17433        -0.06185        -0.07154
   45          0.14373         0.17836        -0.01387        -0.03463
   46          0.18092         0.21218         0.02000        -0.03126
   47         0.095409         0.20568        -0.08680        -0.11027
   48         0.050601         0.12030        -0.06032        -0.06970
   49          0.12786         0.12992         0.01577        -0.00207
   50           0.1468         0.13333         0.03384         0.01346
   51         0.094279         0.23149        -0.11892        -0.13721
   52         0.084385         0.12946        -0.03667        -0.04507
   53          0.14026         0.12938         0.01460         0.01088
   54         0.072673         0.18007        -0.05019        -0.10739
   55         0.073931         0.17326        -0.06977        -0.09933
   56          0.34061         0.39014        -0.04199        -0.04952
   57          0.75923         0.31582         0.39047         0.44342
   58         0.065938         0.22642        -0.13022        -0.16049
   59         0.059932         0.11816        -0.02566        -0.05823
   60         0.054214         0.13288        -0.05623        -0.07867
   61          0.17341         0.11637         0.09308         0.05704
   62         0.075231         0.11046        -0.02342        -0.03523
   63          0.48956         0.33539         0.07693         0.15417
   64          0.29927         0.18749         0.06880         0.11178
   65          0.43914         0.28815         0.14211         0.15100
   66          0.34202         0.37268        -0.07770        -0.03066
   67          0.21223         0.26453        -0.09845        -0.05230
   68          0.48389         0.25136         0.17496         0.23252
   69          0.10109         0.15415        -0.12760        -0.05306
   70          0.14691         0.13908         0.00062         0.00783
   71         0.095317         0.21077        -0.13297        -0.11545
   72          0.13077         0.18409        -0.06264        -0.05332
   73          0.24752         0.18345         0.04794         0.06407
   74          0.34384         0.21123         0.14628         0.13262
   75           0.1497         0.23268        -0.10673        -0.08298
   76          0.34745         0.26860         0.05313         0.07885
   77           0.2607         0.23008         0.05790         0.03062
   78          0.31465         0.31415         0.00516         0.00050
   79          0.29305         0.27321         0.03047         0.01983
   80          0.33333         0.29408         0.03409         0.03925
   81           0.1081         0.14227        -0.00894        -0.03417
   82         0.047035         0.10575        -0.05647        -0.05871
   83          0.19572         0.11689         0.10230         0.07883
   84         0.027925         0.12427        -0.09324        -0.09635
   85          0.36598         0.30221         0.06981         0.06377
   86          0.27203         0.23937         0.04364         0.03265
   87          0.25115         0.15420         0.07881         0.09695
   88         0.050579         0.16740        -0.09412        -0.11682
   89          0.20016         0.21979        -0.01748        -0.01962
   90         0.037095         0.11470        -0.06772        -0.07760
   91          0.14094         0.13368         0.04517         0.00726
============================== END OF REPORT ================================

