>>04/26/20 10:26:16
REGRESSION
----------
SUMMARY OF OUTPUT: SPATIAL LAG MODEL - MAXIMUM LIKELIHOOD ESTIMATION
Data set            : sprfd_mo_msa_ct_05
Spatial Weight      : sprfd_ct_05_moran_queen
Dependent Variable  :         pov  Number of Observations:   91
Mean dependent var  :    0.184907  Number of Variables   :    3
S.D. dependent var  :    0.128621  Degrees of Freedom    :   88
Lag coeff.   (Rho)  :    0.409981

R-squared           :    0.716972  Log likelihood        :     113.452
Sq. Correlation     : -            Akaike info criterion :    -220.905
Sigma-square        :  0.00468224  Schwarz criterion     :    -213.372
S.E of regression   :   0.0684269

-----------------------------------------------------------------------------
       Variable       Coefficient     Std.Error       z-value    Probability
-----------------------------------------------------------------------------
             W_pov      0.409981      0.0953328        4.30053     0.00002
          CONSTANT      0.323843        0.03969         8.1593     0.00000
               mhi  -4.56397e-006    5.4938e-007       -8.30749     0.00000
-----------------------------------------------------------------------------

REGRESSION DIAGNOSTICS
DIAGNOSTICS FOR HETEROSKEDASTICITY 
RANDOM COEFFICIENTS
TEST                                     DF      VALUE        PROB
Breusch-Pagan test                       1         0.0337     0.85425

DIAGNOSTICS FOR SPATIAL DEPENDENCE
SPATIAL LAG DEPENDENCE FOR WEIGHT MATRIX : sprfd_ct_05_moran_queen
TEST                                     DF      VALUE        PROB
Likelihood Ratio Test                    1        16.2579     0.00006

COEFFICIENTS VARIANCE MATRIX
   CONSTANT         mhi       W_pov 
   0.001575   -0.000000   -0.003200 
  -0.000000    0.000000    0.000000 
  -0.003200    0.000000    0.009088 


  OBS             pov        PREDICTED        RESIDUAL       PRED ERROR
    1          0.13043         0.19292        -0.07709        -0.06249
    2           0.1841         0.16398         0.01618         0.02011
    3         0.065945         0.11025        -0.05531        -0.04430
    4          0.10902         0.11942        -0.00127        -0.01040
    5          0.12682         0.12430         0.01388         0.00252
    6          0.17384         0.17691         0.00056        -0.00306
    7         0.089009         0.12963        -0.03396        -0.04062
    8         0.034052        -0.00919         0.04259         0.04324
    9          0.11088         0.13420        -0.02000        -0.02333
   10         0.078742         0.12561        -0.05142        -0.04687
   11          0.12167         0.11522         0.00662         0.00645
   12         0.067073         0.11595        -0.05345        -0.04888
   13          0.10116         0.12887        -0.02573        -0.02770
   14          0.17605         0.24285        -0.04819        -0.06680
   15          0.17903         0.21967        -0.01586        -0.04064
   16          0.11197         0.15206        -0.02555        -0.04008
   17           0.3046         0.27441         0.03451         0.03020
   18         0.068563         0.05658         0.00209         0.01198
   19         0.093377         0.14744        -0.07799        -0.05406
   20          0.38577         0.26370         0.11458         0.12207
   21          0.45311         0.38785         0.01458         0.06526
   22          0.40698         0.34004         0.03599         0.06694
   23          0.16663         0.16890        -0.02311        -0.00227
   24          0.10652         0.08624         0.00498         0.02028
   25           0.1085         0.18295        -0.06020        -0.07445
   26          0.15728         0.18373        -0.01241        -0.02645
   27          0.20933         0.21450         0.01648        -0.00517
   28          0.12213         0.17963        -0.05270        -0.05750
   29          0.15292         0.17881        -0.02468        -0.02589
   30           0.1106         0.17102        -0.06898        -0.06042
   31          0.34081         0.15288         0.20157         0.18793
   32          0.12551         0.22420        -0.11116        -0.09868
   33          0.22077         0.22440        -0.02935        -0.00363
   34           0.3524         0.31469         0.02797         0.03771
   35          0.33468         0.32671         0.01155         0.00797
   36          0.20194         0.30870        -0.11551        -0.10677
   37         0.078325         0.07754         0.00472         0.00078
   38          0.23011         0.21906         0.01491         0.01106
   39          0.16539         0.17883        -0.01167        -0.01344
   40           0.1118         0.17299        -0.06501        -0.06119
   41         0.081905         0.08545        -0.00507        -0.00355
   42          0.23886         0.26232        -0.01922        -0.02346
   43         0.068583        -0.01479         0.08278         0.08337
   44          0.10279         0.18199        -0.07716        -0.07919
   45          0.14373         0.18176        -0.03197        -0.03804
   46          0.18092         0.10447         0.07483         0.07645
   47         0.095409         0.12762        -0.04700        -0.03221
   48         0.050601        -0.07834         0.10618         0.12894
   49          0.12786         0.15142        -0.03427        -0.02356
   50           0.1468         0.12389         0.03870         0.02291
   51         0.094279         0.14635        -0.05454        -0.05207
   52         0.084385         0.13379        -0.03532        -0.04940
   53          0.14026         0.14634        -0.00829        -0.00608
   54         0.072673         0.04272         0.02223         0.02996
   55         0.073931         0.10632        -0.03464        -0.03239
   56          0.34061         0.31954         0.03400         0.02107
   57          0.75923         0.41653         0.31924         0.34270
   58         0.065938         0.07782        -0.02481        -0.01189
   59         0.059932        -0.13362         0.18151         0.19355
   60         0.054214         0.00219         0.02989         0.05202
   61          0.17341         0.15525         0.03222         0.01816
   62         0.075231         0.08248        -0.01489        -0.00725
   63          0.48956         0.39673         0.04622         0.09283
   64          0.29927         0.23181         0.05251         0.06746
   65          0.43914         0.30507         0.12770         0.13408
   66          0.34202         0.34305        -0.01854        -0.00103
   67          0.21223         0.29973        -0.09957        -0.08750
   68          0.48389         0.35999         0.10429         0.12389
   69          0.10109         0.16443        -0.08329        -0.06335
   70          0.14691         0.22659        -0.06780        -0.07968
   71         0.095317         0.24052        -0.14102        -0.14520
   72          0.13077         0.23253        -0.08310        -0.10176
   73          0.24752         0.27844        -0.01813        -0.03093
   74          0.34384         0.28609         0.07955         0.05775
   75           0.1497         0.23568        -0.09774        -0.08598
   76          0.34745         0.32908        -0.00421         0.01837
   77           0.2607         0.19438         0.06191         0.06632
   78          0.31465         0.28385         0.02783         0.03081
   79          0.29305         0.30713        -0.01327        -0.01408
   80          0.33333         0.31710         0.02572         0.01623
   81           0.1081         0.06359         0.02697         0.04451
   82         0.047035         0.06757        -0.04580        -0.02053
   83          0.19572         0.15364         0.04995         0.04208
   84         0.027925         0.05825        -0.02710        -0.03033
   85          0.36598         0.31936         0.05667         0.04662
   86          0.27203         0.27881         0.00100        -0.00678
   87          0.25115         0.25004        -0.00245         0.00111
   88         0.050579         0.02957         0.01696         0.02101
   89          0.20016         0.25308        -0.04368        -0.05292
   90         0.037095         0.05215        -0.01116        -0.01506
   91          0.14094         0.09613         0.04204         0.04481
============================== END OF REPORT ================================

