>>04/27/20 14:43:17
REGRESSION
----------
SUMMARY OF OUTPUT: SPATIAL ERROR MODEL - MAXIMUM LIKELIHOOD ESTIMATION 
Data set            : sprfd_mo_msa_ct_05
Spatial Weight      : sprfd_ct_05_moran_queen
Dependent Variable  :         pov  Number of Observations:   91
Mean dependent var  :    0.184907  Number of Variables   :    2
S.D. dependent var  :    0.128621  Degrees of Freedom    :   89
Lag coeff. (Lambda) :    0.644516

R-squared           :    0.550957  R-squared (BUSE)      : - 
Sq. Correlation     : -            Log likelihood        :   89.739249
Sigma-square        :  0.00742867  Akaike info criterion :    -175.478
S.E of regression   :   0.0861897  Schwarz criterion     :    -170.457

-----------------------------------------------------------------------------
       Variable       Coefficient     Std.Error       z-value    Probability
-----------------------------------------------------------------------------
          CONSTANT      0.142284       0.027548        5.16496     0.00000
              pblk       1.48569       0.387047        3.83854     0.00012
            LAMBDA      0.644516       0.103113         6.2506     0.00000
-----------------------------------------------------------------------------

REGRESSION DIAGNOSTICS
DIAGNOSTICS FOR HETEROSKEDASTICITY 
RANDOM COEFFICIENTS
TEST                                     DF      VALUE        PROB
Breusch-Pagan test                       1         4.8339     0.02791

DIAGNOSTICS FOR SPATIAL DEPENDENCE 
SPATIAL ERROR DEPENDENCE FOR WEIGHT MATRIX : sprfd_ct_05_moran_queen
TEST                                     DF      VALUE        PROB
Likelihood Ratio Test                    1        14.7139     0.00013

COEFFICIENTS VARIANCE MATRIX
   CONSTANT        pblk      LAMBDA 
   0.000759   -0.004112    0.000000 
  -0.004112    0.149805    0.000000 
   0.000000    0.000000    0.010632 


  OBS             pov        PREDICTED        RESIDUAL       PRED ERROR
    1          0.13043         0.19049        -0.08361        -0.06006
    2           0.1841         0.16001        -0.00182         0.02409
    3         0.065945         0.14973        -0.08690        -0.08378
    4          0.10902         0.16008        -0.01678        -0.05106
    5          0.12682         0.14745         0.02757        -0.02063
    6          0.17384         0.14783         0.05603         0.02602
    7         0.089009         0.14228        -0.03385        -0.05328
    8         0.034052         0.15537        -0.06516        -0.12132
    9          0.11088         0.15018        -0.00580        -0.03931
   10         0.078742         0.14445        -0.03926        -0.06570
   11          0.12167         0.14890         0.00814        -0.02723
   12         0.067073         0.14453        -0.05928        -0.07746
   13          0.10116         0.20069        -0.06868        -0.09953
   14          0.17605         0.14286         0.03802         0.03319
   15          0.17903         0.14228         0.04429         0.03674
   16          0.11197         0.14228        -0.02267        -0.03031
   17           0.3046         0.17168         0.12544         0.13292
   18         0.068563         0.14906        -0.04024        -0.08050
   19         0.093377         0.25266        -0.13937        -0.15928
   20          0.38577         0.29652         0.05482         0.08925
   21          0.45311         0.35476        -0.05128         0.09835
   22          0.40698         0.24426         0.07653         0.16273
   23          0.16663         0.17637         0.00240        -0.00974
   24          0.10652         0.14424         0.00030        -0.03772
   25           0.1085         0.14652        -0.05954        -0.03802
   26          0.15728         0.15567         0.01494         0.00160
   27          0.20933         0.14731         0.08015         0.06202
   28          0.12213         0.17013        -0.03579        -0.04800
   29          0.15292         0.15865        -0.00810        -0.00573
   30           0.1106         0.14322        -0.06027        -0.03262
   31          0.34081         0.14553         0.21762         0.19528
   32          0.12551         0.16757        -0.07122        -0.04206
   33          0.22077         0.16544         0.01175         0.05532
   34           0.3524         0.24682         0.03072         0.10559
   35          0.33468         0.22158         0.07177         0.11310
   36          0.20194         0.23430        -0.09047        -0.03237
   37         0.078325         0.16415        -0.08530        -0.08582
   38          0.23011         0.15797         0.09084         0.07214
   39          0.16539         0.14228         0.01595         0.02311
   40           0.1118         0.15529        -0.03955        -0.04349
   41         0.081905         0.15382        -0.05928        -0.07191
   42          0.23886         0.17491         0.05167         0.06396
   43         0.068583         0.15707        -0.06267        -0.08849
   44          0.10279         0.17167        -0.05825        -0.06888
   45          0.14373         0.15553        -0.00169        -0.01180
   46          0.18092         0.19723         0.03403        -0.01631
   47         0.095409         0.17135        -0.06622        -0.07594
   48         0.050601         0.14924        -0.07315        -0.09864
   49          0.12786         0.15351         0.00560        -0.02565
   50           0.1468         0.15418         0.02642        -0.00738
   51         0.094279         0.19032        -0.09893        -0.09604
   52         0.084385         0.14944        -0.04519        -0.06505
   53          0.14026         0.15530         0.00382        -0.01504
   54         0.072673         0.17507        -0.03698        -0.10239
   55         0.073931         0.18228        -0.07461        -0.10835
   56          0.34061         0.33192        -0.02250         0.00869
   57          0.75923         0.25661         0.40801         0.50262
   58         0.065938         0.22593        -0.12558        -0.15999
   59         0.059932         0.14228        -0.02997        -0.08235
   60         0.054214         0.16417        -0.06774        -0.10995
   61          0.17341         0.14941         0.08459         0.02400
   62         0.075231         0.14306        -0.03482        -0.06783
   63          0.48956         0.23716         0.12029         0.25240
   64          0.29927         0.14705         0.07964         0.15222
   65          0.43914         0.22172         0.17046         0.21742
   66          0.34202         0.29598        -0.05134         0.04604
   67          0.21223         0.21785        -0.08504        -0.00562
   68          0.48389         0.21165         0.18020         0.27223
   69          0.10109         0.14228        -0.13903        -0.04120
   70          0.14691         0.14485        -0.00862         0.00205
   71         0.095317         0.19781        -0.13687        -0.10250
   72          0.13077         0.18014        -0.06205        -0.04937
   73          0.24752         0.19347         0.03849         0.05404
   74          0.34384         0.20352         0.15047         0.14032
   75           0.1497         0.19776        -0.09442        -0.04806
   76          0.34745         0.18938         0.08240         0.15807
   77           0.2607         0.20460         0.07583         0.05610
   78          0.31465         0.26154         0.02474         0.05311
   79          0.29305         0.21246         0.05641         0.08059
   80          0.33333         0.26101         0.04543         0.07232
   81           0.1081         0.15997        -0.01109        -0.05187
   82         0.047035         0.14228        -0.07385        -0.09525
   83          0.19572         0.14791         0.09077         0.04781
   84         0.027925         0.15677        -0.10684        -0.12885
   85          0.36598         0.23508         0.09938         0.13091
   86          0.27203         0.17956         0.07550         0.09246
   87          0.25115         0.14817         0.07315         0.10298
   88         0.050579         0.18132        -0.09747        -0.13074
   89          0.20016         0.20998        -0.01678        -0.00982
   90         0.037095         0.14228        -0.08106        -0.10519
   91          0.14094         0.15650         0.04241        -0.01556
============================== END OF REPORT ================================

