>>04/26/20 10:21:33
REGRESSION
----------
SUMMARY OF OUTPUT: SPATIAL ERROR MODEL - MAXIMUM LIKELIHOOD ESTIMATION 
Data set            : sprfd_mo_msa_ct_05
Spatial Weight      : sprfd_ct_05_moran_queen
Dependent Variable  :         pov  Number of Observations:   91
Mean dependent var  :    0.184907  Number of Variables   :    2
S.D. dependent var  :    0.128621  Degrees of Freedom    :   89
Lag coeff. (Lambda) :    0.522094

R-squared           :    0.636960  R-squared (BUSE)      : - 
Sq. Correlation     : -            Log likelihood        :  101.060851
Sigma-square        :  0.00600589  Akaike info criterion :    -198.122
S.E of regression   :   0.0774977  Schwarz criterion     :      -193.1

-----------------------------------------------------------------------------
       Variable       Coefficient     Std.Error       z-value    Probability
-----------------------------------------------------------------------------
          CONSTANT      0.106193      0.0200052        5.30825     0.00000
        popdensity   0.000107308   1.45835e-005        7.35818     0.00000
            LAMBDA      0.522094       0.122874        4.24902     0.00002
-----------------------------------------------------------------------------

REGRESSION DIAGNOSTICS
DIAGNOSTICS FOR HETEROSKEDASTICITY 
RANDOM COEFFICIENTS
TEST                                     DF      VALUE        PROB
Breusch-Pagan test                       1         1.1947     0.27438

DIAGNOSTICS FOR SPATIAL DEPENDENCE 
SPATIAL ERROR DEPENDENCE FOR WEIGHT MATRIX : sprfd_ct_05_moran_queen
TEST                                     DF      VALUE        PROB
Likelihood Ratio Test                    1        15.3970     0.00009

COEFFICIENTS VARIANCE MATRIX
   CONSTANT  popdensity      LAMBDA 
   0.000400   -0.000000    0.000000 
  -0.000000    0.000000    0.000000 
   0.000000    0.000000    0.015098 


  OBS             pov        PREDICTED        RESIDUAL       PRED ERROR
    1          0.13043         0.10867        -0.01953         0.02176
    2           0.1841         0.11509         0.02605         0.06901
    3         0.065945         0.11230        -0.07374        -0.04635
    4          0.10902         0.11626        -0.00047        -0.00724
    5          0.12682         0.10874         0.03330         0.01808
    6          0.17384         0.14601         0.04696         0.02784
    7         0.089009         0.10751        -0.01516        -0.01850
    8         0.034052         0.11499        -0.04980        -0.08094
    9          0.11088         0.12853        -0.00244        -0.01765
   10         0.078742         0.13174        -0.04160        -0.05299
   11          0.12167         0.11162         0.02736         0.01005
   12         0.067073         0.10933        -0.04317        -0.04226
   13          0.10116         0.13499        -0.02546        -0.03383
   14          0.17605         0.10969         0.04992         0.06636
   15          0.17903         0.10692         0.05966         0.07211
   16          0.11197         0.10748        -0.01102         0.00449
   17           0.3046         0.20370         0.12803         0.10090
   18         0.068563         0.12588        -0.04071        -0.05732
   19         0.093377         0.23350        -0.11321        -0.14012
   20          0.38577         0.19335         0.17440         0.19242
   21          0.45311         0.45023        -0.06487         0.00289
   22          0.40698         0.30912         0.03406         0.09786
   23          0.16663         0.27413        -0.09462        -0.10750
   24          0.10652         0.13780        -0.00632        -0.03128
   25           0.1085         0.10784        -0.03697         0.00066
   26          0.15728         0.10861         0.03755         0.04867
   27          0.20933         0.10812         0.09024         0.10121
   28          0.12213         0.10841         0.00123         0.01372
   29          0.15292         0.10799         0.02167         0.04494
   30           0.1106         0.10743        -0.04351         0.00316
   31          0.34081         0.10820         0.22539         0.23261
   32          0.12551         0.11445        -0.03458         0.01107
   33          0.22077         0.10874         0.04562         0.11202
   34           0.3524         0.22998         0.08327         0.12243
   35          0.33468         0.22962         0.06542         0.10506
   36          0.20194         0.27892        -0.13765        -0.07698
   37         0.078325         0.19952        -0.10644        -0.12120
   38          0.23011         0.19747         0.07619         0.03264
   39          0.16539         0.18532         0.00613        -0.01993
   40           0.1118         0.22442        -0.09240        -0.11261
   41         0.081905         0.11043        -0.03931        -0.02853
   42          0.23886         0.14205         0.08370         0.09682
   43         0.068583         0.12801        -0.04084        -0.05942
   44          0.10279         0.12098        -0.02890        -0.01819
   45          0.14373         0.11565         0.01285         0.02807
   46          0.18092         0.18032         0.02641         0.00060
   47         0.095409         0.17136        -0.09031        -0.07595
   48         0.050601         0.15000        -0.07244        -0.09940
   49          0.12786         0.20424        -0.04140        -0.07638
   50           0.1468         0.10900         0.04117         0.03780
   51         0.094279         0.17724        -0.10680        -0.08296
   52         0.084385         0.10963        -0.03377        -0.02525
   53          0.14026         0.20845        -0.07439        -0.06819
   54         0.072673         0.17099        -0.06933        -0.09831
   55         0.073931         0.11522        -0.02184        -0.04129
   56          0.34061         0.18096         0.13558         0.15965
   57          0.75923         0.63930         0.08960         0.11993
   58         0.065938         0.16639        -0.07383        -0.10046
   59         0.059932         0.12351        -0.02248        -0.06358
   60         0.054214         0.14668        -0.05602        -0.09247
   61          0.17341         0.10892         0.08910         0.06449
   62         0.075231         0.15887        -0.06206        -0.08364
   63          0.48956         0.29878         0.13915         0.19079
   64          0.29927         0.24481         0.05390         0.05445
   65          0.43914         0.24589         0.18027         0.19325
   66          0.34202         0.25565         0.02882         0.08637
   67          0.21223         0.23124        -0.06903        -0.01902
   68          0.48389         0.32096         0.13344         0.16292
   69          0.10109         0.22164        -0.13907        -0.12055
   70          0.14691         0.22317        -0.04872        -0.07626
   71         0.095317         0.24785        -0.13913        -0.15253
   72          0.13077         0.28125        -0.12076        -0.15048
   73          0.24752         0.31284        -0.04047        -0.06532
   74          0.34384         0.30284         0.08226         0.04100
   75           0.1497         0.27079        -0.13950        -0.12108
   76          0.34745         0.24741         0.03428         0.10005
   77           0.2607         0.19193         0.08801         0.06877
   78          0.31465         0.21847         0.06359         0.09618
   79          0.29305         0.21853         0.03919         0.07452
   80          0.33333         0.23846         0.06176         0.09487
   81           0.1081         0.16655        -0.01772        -0.05845
   82         0.047035         0.10963        -0.06226        -0.06259
   83          0.19572         0.12886         0.08913         0.06686
   84         0.027925         0.11140        -0.08926        -0.08347
   85          0.36598         0.27198         0.06385         0.09400
   86          0.27203         0.17218         0.06989         0.09985
   87          0.25115         0.21225         0.03487         0.03891
   88         0.050579         0.16933        -0.08897        -0.11875
   89          0.20016         0.15552         0.02122         0.04464
   90         0.037095         0.10874        -0.07390        -0.07165
   91          0.14094         0.15665         0.02169        -0.01571
============================== END OF REPORT ================================

