>>04/25/20 11:22:03
REGRESSION
----------
SUMMARY OF OUTPUT: SPATIAL LAG MODEL - MAXIMUM LIKELIHOOD ESTIMATION
Data set            : sprfd_mo_msa_ct_05
Spatial Weight      : sprfd_ct_05_moran_queen
Dependent Variable  :         pov  Number of Observations:   91
Mean dependent var  :    0.184907  Number of Variables   :    3
S.D. dependent var  :    0.128621  Degrees of Freedom    :   88
Lag coeff.   (Rho)  :    0.739857

R-squared           :    0.563041  Log likelihood        :     89.2049
Sq. Correlation     : -            Akaike info criterion :     -172.41
Sigma-square        :  0.00722877  Schwarz criterion     :    -164.877
S.E of regression   :   0.0850222

-----------------------------------------------------------------------------
       Variable       Coefficient     Std.Error       z-value    Probability
-----------------------------------------------------------------------------
             W_pov      0.739857      0.0803493        9.20801     0.00000
          CONSTANT      0.206675      0.0610716        3.38415     0.00071
             edtot     -0.126715      0.0423468       -2.99232     0.00277
-----------------------------------------------------------------------------

REGRESSION DIAGNOSTICS
DIAGNOSTICS FOR HETEROSKEDASTICITY 
RANDOM COEFFICIENTS
TEST                                     DF      VALUE        PROB
Breusch-Pagan test                       1         0.1710     0.67923

DIAGNOSTICS FOR SPATIAL DEPENDENCE
SPATIAL LAG DEPENDENCE FOR WEIGHT MATRIX : sprfd_ct_05_moran_queen
TEST                                     DF      VALUE        PROB
Likelihood Ratio Test                    1        48.8975     0.00000

COEFFICIENTS VARIANCE MATRIX
   CONSTANT       edtot       W_pov 
   0.003730   -0.002497   -0.002856 
  -0.002497    0.001793    0.001353 
  -0.002856    0.001353    0.006456 


  OBS             pov        PREDICTED        RESIDUAL       PRED ERROR
    1          0.13043         0.25819        -0.09020        -0.12776
    2           0.1841         0.24768        -0.01425        -0.06358
    3         0.065945         0.21111        -0.10061        -0.14516
    4          0.10902         0.18554        -0.01768        -0.07653
    5          0.12682         0.20763        -0.00775        -0.08081
    6          0.17384         0.15467         0.04714         0.01917
    7         0.089009         0.18558        -0.05692        -0.09658
    8         0.034052         0.11784        -0.05052        -0.08378
    9          0.11088         0.18257        -0.03954        -0.07169
   10         0.078742         0.13689        -0.03085        -0.05815
   11          0.12167         0.17947        -0.00627        -0.05780
   12         0.067073         0.18672        -0.06700        -0.11965
   13          0.10116         0.17021        -0.01425        -0.06905
   14          0.17605         0.25547         0.00197        -0.07942
   15          0.17903         0.27078        -0.00482        -0.09175
   16          0.11197         0.25842        -0.07336        -0.14645
   17           0.3046         0.09286         0.14292         0.21175
   18         0.068563         0.13581        -0.03037        -0.06724
   19         0.093377         0.05975        -0.01046         0.03362
   20          0.38577         0.22018         0.13139         0.16559
   21          0.45311         0.23086         0.02794         0.22225
   22          0.40698         0.25932         0.03506         0.14766
   23          0.16663         0.09350         0.01946         0.07313
   24          0.10652         0.09513         0.02685         0.01140
   25           0.1085         0.23515        -0.07444        -0.12664
   26          0.15728         0.23244        -0.00129        -0.07516
   27          0.20933         0.24525         0.03751        -0.03592
   28          0.12213         0.21808        -0.03057        -0.09595
   29          0.15292         0.24601        -0.02339        -0.09309
   30           0.1106         0.25632        -0.10669        -0.14572
   31          0.34081         0.26414         0.15834         0.07667
   32          0.12551         0.25650        -0.08924        -0.13099
   33          0.22077         0.27449        -0.03483        -0.05373
   34           0.3524         0.25706         0.01019         0.09534
   35          0.33468         0.30951         0.00698         0.02517
   36          0.20194         0.27544        -0.11503        -0.07351
   37         0.078325         0.05907        -0.04849         0.01926
   38          0.23011         0.08845         0.10640         0.14166
   39          0.16539         0.10525        -0.00365         0.06015
   40           0.1118         0.11148        -0.05345         0.00032
   41         0.081905         0.20643        -0.06982        -0.12452
   42          0.23886         0.21456         0.00581         0.02430
   43         0.068583         0.08842        -0.01419        -0.01984
   44          0.10279         0.19860        -0.07364        -0.09581
   45          0.14373         0.23617        -0.05896        -0.09245
   46          0.18092         0.14830         0.05681         0.03261
   47         0.095409         0.17448        -0.09329        -0.07907
   48         0.050601         0.01069        -0.00259         0.03991
   49          0.12786         0.05514         0.04332         0.07271
   50           0.1468         0.20774         0.01626        -0.06095
   51         0.094279         0.20287        -0.10200        -0.10859
   52         0.084385         0.21322        -0.06455        -0.12883
   53          0.14026         0.18261        -0.00281        -0.04235
   54         0.072673         0.12564        -0.01711        -0.05296
   55         0.073931         0.17866        -0.05737        -0.10472
   56          0.34061         0.29943         0.05898         0.04119
   57          0.75923         0.14451         0.45108         0.61473
   58         0.065938         0.10390        -0.03842        -0.03796
   59         0.059932         0.03983         0.01889         0.02010
   60         0.054214         0.05452        -0.01253        -0.00031
   61          0.17341         0.22635         0.05318        -0.05294
   62         0.075231         0.10063        -0.01991        -0.02540
   63          0.48956         0.18531         0.09243         0.30425
   64          0.29927         0.11020         0.06087         0.18907
   65          0.43914         0.21439         0.15140         0.22475
   66          0.34202         0.20544         0.00833         0.13658
   67          0.21223         0.21295        -0.11107        -0.00072
   68          0.48389         0.12127         0.21460         0.36261
   69          0.10109         0.07331        -0.12641         0.02778
   70          0.14691         0.12916        -0.04272         0.01775
   71         0.095317         0.14940        -0.11723        -0.05408
   72          0.13077         0.14741        -0.06535        -0.01664
   73          0.24752         0.11251         0.08722         0.13501
   74          0.34384         0.15950         0.16253         0.18434
   75           0.1497         0.17931        -0.11461        -0.02960
   76          0.34745         0.29439        -0.02259         0.05306
   77           0.2607         0.14947         0.09092         0.11123
   78          0.31465         0.26429         0.04675         0.05037
   79          0.29305         0.28620         0.01070         0.00684
   80          0.33333         0.26050         0.06637         0.07284
   81           0.1081         0.05500         0.01275         0.05310
   82         0.047035         0.15600        -0.07294        -0.10896
   83          0.19572         0.19351         0.07360         0.00221
   84         0.027925         0.20436        -0.10842        -0.17644
   85          0.36598         0.26076         0.07684         0.10523
   86          0.27203         0.25832         0.00760         0.01371
   87          0.25115         0.13412         0.04527         0.11704
   88         0.050579         0.06729        -0.02580        -0.01671
   89          0.20016         0.20392         0.02448        -0.00376
   90         0.037095         0.19499        -0.09396        -0.15790
   91          0.14094         0.12733         0.03508         0.01361
============================== END OF REPORT ================================

