>>04/25/20 17:21:06
REGRESSION
----------
SUMMARY OF OUTPUT: SPATIAL ERROR MODEL - MAXIMUM LIKELIHOOD ESTIMATION 
Data set            : sprfd_mo_msa_ct_05
Spatial Weight      : sprfd_ct_05_moran_queen
Dependent Variable  :         pov  Number of Observations:   91
Mean dependent var  :    0.184907  Number of Variables   :    2
S.D. dependent var  :    0.128621  Degrees of Freedom    :   89
Lag coeff. (Lambda) :    0.788579

R-squared           :    0.605197  R-squared (BUSE)      : - 
Sq. Correlation     : -            Log likelihood        :   92.677452
Sigma-square        :  0.00653135  Akaike info criterion :    -181.355
S.E of regression   :   0.0808168  Schwarz criterion     :    -176.333

-----------------------------------------------------------------------------
       Variable       Coefficient     Std.Error       z-value    Probability
-----------------------------------------------------------------------------
          CONSTANT       0.47892      0.0802131         5.9706     0.00000
             edtot     -0.237495      0.0554168        -4.2856     0.00002
            LAMBDA      0.788579      0.0745676        10.5754     0.00000
-----------------------------------------------------------------------------

REGRESSION DIAGNOSTICS
DIAGNOSTICS FOR HETEROSKEDASTICITY 
RANDOM COEFFICIENTS
TEST                                     DF      VALUE        PROB
Breusch-Pagan test                       1         0.1191     0.73004

DIAGNOSTICS FOR SPATIAL DEPENDENCE 
SPATIAL ERROR DEPENDENCE FOR WEIGHT MATRIX : sprfd_ct_05_moran_queen
TEST                                     DF      VALUE        PROB
Likelihood Ratio Test                    1        55.8426     0.00000

COEFFICIENTS VARIANCE MATRIX
   CONSTANT       edtot      LAMBDA 
   0.006434   -0.003851    0.000000 
  -0.003851    0.003071    0.000000 
   0.000000    0.000000    0.005560 


  OBS             pov        PREDICTED        RESIDUAL       PRED ERROR
    1          0.13043         0.24358        -0.08289        -0.11314
    2           0.1841         0.19665         0.02038        -0.01255
    3         0.065945         0.18009        -0.06728        -0.11415
    4          0.10902         0.18070         0.00477        -0.07168
    5          0.12682         0.22271        -0.02145        -0.09589
    6          0.17384         0.19006         0.03576        -0.01622
    7         0.089009         0.19886        -0.05157        -0.10985
    8         0.034052         0.13033        -0.04806        -0.09628
    9          0.11088         0.23018        -0.07452        -0.11931
   10         0.078742         0.14517        -0.01402        -0.06643
   11          0.12167         0.18962        -0.01141        -0.06795
   12         0.067073         0.17899        -0.05761        -0.11191
   13          0.10116         0.16390         0.00974        -0.06274
   14          0.17605         0.22482         0.01734        -0.04877
   15          0.17903         0.25285        -0.00567        -0.07382
   16          0.11197         0.24673        -0.07697        -0.13475
   17           0.3046         0.13284         0.12062         0.17177
   18         0.068563         0.14933        -0.03001        -0.08077
   19         0.093377         0.10449        -0.03450        -0.01111
   20          0.38577         0.20288         0.13981         0.18289
   21          0.45311         0.25367        -0.01846         0.19944
   22          0.40698         0.24010         0.03971         0.16688
   23          0.16663         0.15172        -0.02580         0.01491
   24          0.10652         0.11546         0.02995        -0.00894
   25           0.1085         0.18425        -0.03660        -0.07575
   26          0.15728         0.20831         0.00833        -0.05103
   27          0.20933         0.23428         0.02702        -0.02495
   28          0.12213         0.19307        -0.01525        -0.07094
   29          0.15292         0.20825         0.00292        -0.05533
   30           0.1106         0.22032        -0.09329        -0.10973
   31          0.34081         0.26111         0.14463         0.07971
   32          0.12551         0.22074        -0.07592        -0.09522
   33          0.22077         0.24388        -0.00993        -0.02311
   34           0.3524         0.22305         0.02572         0.12935
   35          0.33468         0.27991         0.01164         0.05477
   36          0.20194         0.22368        -0.08821        -0.02175
   37         0.078325         0.08433        -0.03657        -0.00601
   38          0.23011         0.14048         0.08266         0.08963
   39          0.16539         0.15145        -0.02746         0.01394
   40           0.1118         0.15133        -0.07526        -0.03952
   41         0.081905         0.19120        -0.06440        -0.10929
   42          0.23886         0.22444        -0.00946         0.01442
   43         0.068583         0.06613         0.02129         0.00245
   44          0.10279         0.18945        -0.07562        -0.08666
   45          0.14373         0.21394        -0.05611        -0.07021
   46          0.18092         0.16647         0.04734         0.01445
   47         0.095409         0.16912        -0.09200        -0.07371
   48         0.050601         0.03035         0.00862         0.02025
   49          0.12786         0.09732         0.03005         0.03054
   50           0.1468         0.18315         0.02463        -0.03635
   51         0.094279         0.15748        -0.06819        -0.06320
   52         0.084385         0.18580        -0.05036        -0.10142
   53          0.14026         0.17884         0.00864        -0.03857
   54         0.072673         0.13682        -0.01618        -0.06415
   55         0.073931         0.18292        -0.06181        -0.10899
   56          0.34061         0.27402         0.05862         0.06659
   57          0.75923         0.16246         0.41616         0.59678
   58         0.065938         0.11844        -0.03417        -0.05250
   59         0.059932         0.05084         0.02900         0.00910
   60         0.054214         0.09549        -0.03401        -0.04128
   61          0.17341         0.23040         0.03761        -0.05699
   62         0.075231         0.12266        -0.01408        -0.04743
   63          0.48956         0.17288         0.08886         0.31669
   64          0.29927         0.08278         0.09103         0.21649
   65          0.43914         0.20741         0.15253         0.23174
   66          0.34202         0.18891         0.00920         0.15310
   67          0.21223         0.23105        -0.13532        -0.01883
   68          0.48389         0.11802         0.21124         0.36587
   69          0.10109         0.05433        -0.10183         0.04676
   70          0.14691         0.18921        -0.09273        -0.04231
   71         0.095317         0.17084        -0.13154        -0.07552
   72          0.13077         0.17871        -0.07168        -0.04794
   73          0.24752         0.13112         0.10111         0.11640
   74          0.34384         0.20136         0.14156         0.14248
   75           0.1497         0.19971        -0.13348        -0.05000
   76          0.34745         0.28458        -0.03554         0.06287
   77           0.2607         0.16987         0.08101         0.09083
   78          0.31465         0.24306         0.04814         0.07160
   79          0.29305         0.25666         0.02030         0.03639
   80          0.33333         0.26470         0.04660         0.06863
   81           0.1081         0.12232        -0.03162        -0.01422
   82         0.047035         0.15546        -0.07363        -0.10842
   83          0.19572         0.19841         0.07039        -0.00269
   84         0.027925         0.18091        -0.09379        -0.15298
   85          0.36598         0.24664         0.07696         0.11935
   86          0.27203         0.22067         0.02457         0.05136
   87          0.25115         0.16526         0.01860         0.08589
   88         0.050579         0.07506        -0.00826        -0.02449
   89          0.20016         0.15896         0.05926         0.04121
   90         0.037095         0.17305        -0.07511        -0.13595
   91          0.14094         0.18446        -0.00470        -0.04352
============================== END OF REPORT ================================

